0 0.232469 0.145166 0.205303 0.290332 0.803297
0 0.311177 0.128014 0.204378 0.256028 0.792152
0 0.246182 0.242308 0.185706 0.484615 0.770379
0 0.327927 0.247783 0.182931 0.495566 0.741632
0 0.159537 0.164577 0.186505 0.329153 0.738259
0 0.395906 0.118806 0.201807 0.237611 0.710801
0 0.101283 0.200282 0.199481 0.400564 0.606255
0 0.410686 0.249946 0.180597 0.499892 0.592303
0 0.728481 0.572557 0.159564 0.357949 0.552329
0 0.479611 0.121429 0.200692 0.242859 0.550392
0 0.348981 0.736379 0.18046 0.0863688 0.505757
0 0.17357 0.253421 0.16285 0.506843 0.489983
0 0.76527 0.508925 0.460162 0.588631 0.37126
0 0.108377 0.296482 0.179022 0.592964 0.358286
0 0.559494 0.132758 0.196663 0.265516 0.354319
0 0.42688 0.312166 0.199143 0.624332 0.331306
0 0.491471 0.259719 0.178094 0.519438 0.326078
0 0.80391 0.571988 0.313754 0.362008 0.304326
0 0.184498 0.126081 0.314785 0.252162 0.30272
0 0.397836 0.736041 0.074871 0.0742547 0.296299
0 0.697619 0.577093 0.232534 0.380244 0.292002
0 0.255533 0.333855 0.171843 0.66771 0.284386
0 0.258759 0.0863288 0.317173 0.172658 0.282088
0 0.134345 0.174839 0.25218 0.349678 0.271777
