0 0.4904240766073871 0.48768809849521205 0.1573187414500684 0.13269493844049243
0 0.6969904240766074 0.4931600547195623 0.08891928864569082 0.15458276333789336
0 0.49179206566347466 0.7216142270861833 0.2038303693570451 0.23939808481532146
0 0.6812585499316006 0.7127222982216143 0.07660738714090286 0.16689466484268123
0 0.817373461012312 0.7188782489740082 0.1491108071135433 0.17099863201094392
0 0.8775649794801642 0.5095759233926128 0.24487004103967167 0.20109439124487005
0 0.9425444596443228 0.7188782489740083 0.09849521203830364 0.13269493844049252
0 0.19425444596443228 0.4952120383036936 0.26812585499316 0.11491108071135443
0 0.2277701778385773 0.5984952120383037 0.17373461012311903 0.056087551299589505
0 0.016415868673050612 0.5218878248974008 0.03283173734610123 0.09986320109439127
