0 0.14482 0.671234 0.113827 0.167066 0.80897
0 0.642242 0.493964 0.269522 0.0823705 0.606793
0 0.591002 0.385324 0.132724 0.25041 0.588005
0 0.689949 0.495003 0.175249 0.0814039 0.587837
0 0.453678 0.42474 0.0615487 0.113518 0.56963
0 0.316133 0.622109 0.159721 0.221551 0.536851
0 0.132217 0.672542 0.0717899 0.154698 0.481769
0 0.277818 0.531839 0.0740399 0.093484 0.38246
0 0.712187 0.499475 0.129117 0.0702267 0.382265
0 0.242844 0.600259 0.299745 0.303175 0.360153
0 0.286707 0.535535 0.109102 0.113549 0.338575
0 0.280044 0.61351 0.210173 0.242978 0.303628
0 0.343324 0.631783 0.180503 0.203366 0.287967
0 0.576218 0.397344 0.179517 0.228448 0.286969
