0 0.196769 0.345867 0.221295 0.462682 0.777563
0 0.758537 0.252611 0.10893 0.504989 0.759166
0 0.767641 0.296723 0.224442 0.589906 0.738652
0 0.757694 0.292347 0.152417 0.58175 0.726091
0 0.781168 0.253966 0.176223 0.507931 0.663608
0 0.183221 0.40462 0.179674 0.550823 0.49883
0 0.42585 0.261908 0.209636 0.475357 0.37516
0 0.327271 0.267435 0.535897 0.534869 0.373692
0 0.475794 0.416169 0.0951508 0.171873 0.290098
0 0.471494 0.377702 0.108933 0.261035 0.269383
0 0.688656 0.2498 0.27093 0.4996 0.269178
0 0.208348 0.407628 0.257012 0.552438 0.261358
