0 0.45457 0.527074 0.0635945 0.138971 0.931256
0 0.803692 0.502663 0.105484 0.180029 0.549854
0 0.10094 0.602993 0.179052 0.0980431 0.470749
0 0.149681 0.60112 0.268994 0.107357 0.452256
0 0.262394 0.603957 0.508832 0.129928 0.387901
0 0.0759232 0.60611 0.130505 0.0888952 0.359571
0 0.258277 0.630805 0.128169 0.0462557 0.351545
0 0.185726 0.6313 0.26077 0.0485992 0.350133
0 0.665271 0.555827 0.0700299 0.11075 0.342074
0 0.665558 0.562239 0.0592581 0.0911825 0.326924
0 0.828654 0.50637 0.174469 0.239603 0.325258
0 0.176488 0.616197 0.33867 0.0970247 0.325181
0 0.44507 0.536158 0.0833571 0.157676 0.285701
