0 0.5904845838156372 0.9343365253077975 0.8785646637903819 0.9343365253077975 0.8785646637903819 0.9658002735978112 0.5904845838156372 0.9658002735978112
0 0.19735872882247713 0.8440492476060192 0.2785304640639798 0.8440492476060192 0.2785304640639798 0.8960328317373462 0.19735872882247713 0.8960328317373462
0 0.504538040618752 0.811217510259918 0.5395532989582237 0.811217510259918 0.5395532989582237 0.8495212038303692 0.504538040618752 0.8495212038303692
0 0.5745685572976955 0.8331053351573188 0.6000341997264022 0.8331053351573188 0.6000341997264022 0.8809849521203831 0.5745685572976955 0.8809849521203831
0 0.6223166368515206 0.8317373461012312 0.720996001262759 0.8317373461012312 0.720996001262759 0.8864569083447332 0.6223166368515206 0.8864569083447332
0 0.7544196569504366 0.8153214774281807 0.7846601073345258 0.8153214774281807 0.7846601073345258 0.8727770177838579 0.7544196569504366 0.8727770177838579
0 0.8706066505314112 0.8522571819425444 0.953369988424708 0.8522571819425444 0.953369988424708 0.8946648426812586 0.8706066505314112 0.8946648426812586
0 0.7337288224771125 0.7756497948016415 0.832408186888351 0.7756497948016415 0.832408186888351 0.8303693570451436 0.7337288224771125 0.8303693570451436
0 0.7098547827002 0.6785225718194254 0.746461643691466 0.6785225718194254 0.746461643691466 0.7496580027359782 0.7098547827002 0.7496580027359782
0 0.5315952856992529 0.6607387140902873 0.663698305798169 0.6607387140902873 0.663698305798169 0.7975376196990424 0.5315952856992529 0.7975376196990424
0 0.6286830474586973 0.5485636114911081 0.7385036304324951 0.5485636114911081 0.7385036304324951 0.6470588235294117 0.6286830474586973 0.6470588235294117
0 0.5666105440387246 0.5266757865937073 0.5936677891192255 0.5266757865937073 0.5936677891192255 0.6183310533515732 0.5666105440387246 0.6183310533515732
0 0.5379616963064295 0.5841313269493845 0.5634273387351363 0.5841313269493845 0.5634273387351363 0.6265389876880986 0.5379616963064295 0.6265389876880986
